11299.03811
11277.17698
11255.31585
11177.17698
11099.03811
11020.89923
10942.76036
10920.89923
10899.03811
10877.17698
10855.31585
10777.17698
10699.03811
10620.89923
10542.76036
10520.89923
10499.03811
10477.17698
10455.31585
10377.17698
10299.03811
10220.89923
10142.76036
10120.89923
10099.03811
10077.17698
10055.31585
9977.176977
9899.038106
9820.899235
9742.760363
9720.899235
9699.038106
9677.176977
9655.315848
9577.176977
9499.038106
9420.899235
9342.760363
9320.899235
9299.038106
9277.176977
9255.315848
9177.176977
9099.038106
9020.899235
8942.760363
8920.899235
8899.038106
8877.176977
8855.315848
8777.176977
8699.038106
8620.899235
8542.760363
8520.899235
8499.038106
8477.176977
8455.315848
8377.176977
8299.038106
8220.899235
8142.760363
8120.899235
8099.038106
8077.176977
8055.315848
7977.176977
7899.038106
7820.899235
7742.760363
7720.899235
7699.038106
7677.176977
7655.315848
7577.176977
7499.038106
7420.899235
7342.760363
7320.899235
7299.038106
7277.176977
7255.315848
7177.176977
7099.038106
7020.899235
6942.760363
6920.899235
6899.038106
6877.176977
6855.315848
6777.176977
6699.038106
6620.899235
6542.760363
6520.899235
6499.038106
6477.176977
6455.315848
6377.176977
6299.038106
6220.899235
6142.760363
6120.899235
6099.038106
6077.176977
6055.315848
5977.176977
5899.038106
5820.899235
5742.760363
5720.899235
5699.038106
5677.176977
5655.315848
5577.176977
5499.038106
5420.899235
5342.760363
5320.899235
5299.038106
5277.176977
5255.315848
5177.176977
5099.038106
5020.899235
4942.760363
4920.899235
4899.038106
4877.176977
4855.315848
4777.176977
4699.038106
4620.899235
4542.760363
4520.899235
4499.038106
4477.176977
4455.315848
4377.176977
4299.038106
4220.899235
4142.760363
4120.899235
4099.038106
4077.176977
4055.315848
3977.176977
3899.038106
3820.899235
3742.760363
3720.899235
3699.038106
3677.176977
3655.315848
3577.176977
3499.038106
3420.899235
3342.760363
3320.899235
3299.038106
3277.176977
3255.315848
3177.176977
3099.038106
3020.899235
2942.760363
2920.899235
2899.038106
2877.176977
2855.315848
2777.176977
2699.038106
2620.899235
2542.760363
2520.899235
2499.038106
2477.176977
2455.315848
2377.176977
2299.038106
2220.899235
2142.760363
2120.899235
2099.038106
2077.176977
2055.315848
1977.176977
1899.038106
1820.899235
1742.760363
1720.899235
1699.038106
1677.176977
1655.315848
1577.176977
1499.038106
1420.899235
1342.760363
1320.899235
1299.038106