61.02761973
60.59184101
60.1560623
59.72028358
59.28450487
58.84872616
58.41294744
57.97716873
57.54139002
57.1056113
56.66983259
56.23405387
55.79827516
55.36249645
54.92671773
54.49093902
54.05516031
53.61938159
53.18360288
52.74782416
52.31204545
51.87626674
51.44048802
51.00470931
50.5689306
50.13315188
49.69737317
49.26159445
48.82581574
48.39003703
47.95425831
47.5184796
47.08270089
46.64692217
46.21114346
45.77536474
45.33958603
44.90380732
44.4680286
44.03224989
43.59647118
43.16069246
42.72491375
42.28913503
41.85335632
41.41757761
40.98179889
40.54602018
40.11024147
39.67446275
39.23868404
38.80290532
38.36712661
37.9313479
37.49556918
37.05979047
36.62401176
36.18823304
35.75245433
35.31667561
34.8808969
34.44511819
34.00933947
33.57356076
33.13778205
32.70200333
32.26622462
31.8304459
31.39466719
30.95888848
30.52310976
30.08733105
29.65155234
29.21577362
28.77999491
28.34421619
27.90843748
27.47265877
27.03688005
26.60110134
26.16532263
25.72954391
25.2937652
24.85798648
24.42220777
23.98642906
23.55065034
23.11487163
22.67909292
22.2433142
21.80753549
21.37175677
20.93597806
20.50019935
20.06442063
19.62864192
19.19286321
18.75708449
18.32130578
17.88552706
17.44974835
17.27525087
17.10075338
16.9262559
16.75175842
16.57726093
16.40276345
16.22826597
16.05376848
15.879271
15.70477352
15.53027603
15.35577855
15.18128107
15.00678358
14.8322861
14.65778862
14.48329113
14.30879365
14.13429616
13.95979868
13.7853012
13.61080371
13.43630623
13.26180875
13.08731126
12.91281378
12.7383163
12.56381881
12.38932133
12.21482385
12.04032636
11.86582888
11.6913314
11.51683391
11.34233643
11.16783894
10.99334146
10.81884398
10.64434649
10.46984901
10.29535153
10.12085404
9.94635656
9.771859077
9.597361593
9.42286411
9.248366626
9.073869143
8.899371659
8.724874176
8.550376692
8.375879209
8.201381725
8.026884242
7.852386758
7.677889275
7.503391791
7.328894308
7.154396824
6.979899341
6.805401857
6.630904373
6.45640689
6.281909406
6.107411923
5.932914439
5.758416956
5.583919472
5.409421989
5.234924505
5.060427022
4.885929538
4.711432055
4.536934571
4.362437088
4.187939604
4.013442121
3.838944637
3.664447154
3.48994967
3.315452187
3.140954703
2.96645722
2.791959736
2.617462253
2.442964769
2.268467286
2.093969802
1.919472319
1.744974835
1.570477352
1.395979868
1.221482385
1.046984901
0.872487418
0.697989934
0.523492451
0.348994967
0.174497484
0