146.8592709
145.5651757
144.2710805
142.9769852
141.68289
140.3887948
139.0946995
137.8006043
136.5065091
135.2124139
133.9183186
132.6242234
131.3301282
130.036033
128.7419377
127.4478425
126.1537473
124.8596521
123.5655568
122.2714616
120.9773664
119.6832712
118.3891759
117.0950807
115.8009855
114.5068903
113.212795
111.9186998
110.6246046
109.3305094
108.0364141
106.7423189
105.4482237
104.1541285
102.8600332
101.565938
100.2718428
98.97774756
97.68365233
96.38955711
95.09546188
93.80136666
92.50727143
91.21317621
89.91908098
88.62498575
87.33089053
86.0367953
84.74270008
83.44860485
82.15450963
80.8604144
79.56631918
78.27222395
76.97812872
75.6840335
74.38993827
73.09584305
71.80174782
70.5076526
69.21355737
67.91946215
66.62536692
65.3312717
64.03717647
62.74308124
61.44898602
60.15489079
58.86079557
57.56670034
56.27260512
54.97850989
53.68441467
52.39031944
51.09622421
49.80212899
48.50803376
47.21393854
45.91984331
44.62574809
43.33165286
42.03755764
40.74346241
39.44936718
38.15527196
36.86117673
35.56708151
34.27298628
32.97889106
31.68479583
30.39070061
29.09660538
27.80251016
26.50841493
25.2143197
23.92022448
22.62612925
21.33203403
20.0379388
18.74384358
17.44974835
17.27525087
17.10075338
16.9262559
16.75175842
16.57726093
16.40276345
16.22826597
16.05376848
15.879271
15.70477352
15.53027603
15.35577855
15.18128107
15.00678358
14.8322861
14.65778862
14.48329113
14.30879365
14.13429616
13.95979868
13.7853012
13.61080371
13.43630623
13.26180875
13.08731126
12.91281378
12.7383163
12.56381881
12.38932133
12.21482385
12.04032636
11.86582888
11.6913314
11.51683391
11.34233643
11.16783894
10.99334146
10.81884398
10.64434649
10.46984901
10.29535153
10.12085404
9.94635656
9.771859077
9.597361593
9.42286411
9.248366626
9.073869143
8.899371659
8.724874176
8.550376692
8.375879209
8.201381725
8.026884242
7.852386758
7.677889275
7.503391791
7.328894308
7.154396824
6.979899341
6.805401857
6.630904373
6.45640689
6.281909406
6.107411923
5.932914439
5.758416956
5.583919472
5.409421989
5.234924505
5.060427022
4.885929538
4.711432055
4.536934571
4.362437088
4.187939604
4.013442121
3.838944637
3.664447154
3.48994967
3.315452187
3.140954703
2.96645722
2.791959736
2.617462253
2.442964769
2.268467286
2.093969802
1.919472319
1.744974835
1.570477352
1.395979868
1.221482385
1.046984901
0.872487418
0.697989934
0.523492451
0.348994967
0.174497484
0