104.2738372
103.4055963
102.5373554
101.6691145
100.8008736
99.93263274
99.06439185
98.19615097
97.32791008
96.45966919
95.5914283
94.72318741
93.85494652
92.98670564
92.11846475
91.25022386
90.38198297
89.51374208
88.64550119
87.77726031
86.90901942
86.04077853
85.17253764
84.30429675
83.43605586
82.56781498
81.69957409
80.8313332
79.96309231
79.09485142
78.22661053
77.35836965
76.49012876
75.62188787
74.75364698
73.88540609
73.0171652
72.14892432
71.28068343
70.41244254
69.54420165
68.67596076
67.80771987
66.93947899
66.0712381
65.20299721
64.33475632
63.46651543
62.59827454
61.73003366
60.86179277
59.99355188
59.12531099
58.2570701
57.38882921
56.52058833
55.65234744
54.78410655
53.91586566
53.04762477
52.17938388
51.311143
50.44290211
49.57466122
48.70642033
47.83817944
46.96993855
46.10169767
45.23345678
44.36521589
43.496975
42.62873411
41.76049322
40.89225234
40.02401145
39.15577056
38.28752967
37.41928878
36.55104789
35.68280701
34.81456612
33.94632523
33.07808434
32.20984345
31.34160256
30.47336168
29.60512079
28.7368799
27.86863901
27.00039812
26.13215723
25.26391635
24.39567546
23.52743457
22.65919368
21.79095279
20.9227119
20.05447102
19.18623013
18.31798924
17.44974835
17.27525087
17.10075338
16.9262559
16.75175842
16.57726093
16.40276345
16.22826597
16.05376848
15.879271
15.70477352
15.53027603
15.35577855
15.18128107
15.00678358
14.8322861
14.65778862
14.48329113
14.30879365
14.13429616
13.95979868
13.7853012
13.61080371
13.43630623
13.26180875
13.08731126
12.91281378
12.7383163
12.56381881
12.38932133
12.21482385
12.04032636
11.86582888
11.6913314
11.51683391
11.34233643
11.16783894
10.99334146
10.81884398
10.64434649
10.46984901
10.29535153
10.12085404
9.94635656
9.771859077
9.597361593
9.42286411
9.248366626
9.073869143
8.899371659
8.724874176
8.550376692
8.375879209
8.201381725
8.026884242
7.852386758
7.677889275
7.503391791
7.328894308
7.154396824
6.979899341
6.805401857
6.630904373
6.45640689
6.281909406
6.107411923
5.932914439
5.758416956
5.583919472
5.409421989
5.234924505
5.060427022
4.885929538
4.711432055
4.536934571
4.362437088
4.187939604
4.013442121
3.838944637
3.664447154
3.48994967
3.315452187
3.140954703
2.96645722
2.791959736
2.617462253
2.442964769
2.268467286
2.093969802
1.919472319
1.744974835
1.570477352
1.395979868
1.221482385
1.046984901
0.872487418
0.697989934
0.523492451
0.348994967
0.174497484
0