146.859271
145.049529
143.251816
141.466145
139.692529
137.93098
136.181508
134.444125
132.71884
131.005662
129.304601
127.615665
125.938861
124.274198
122.62168
120.981315
119.353107
117.737061
116.133181
114.54147
112.961932
111.394569
109.839382
108.296372
106.765539
105.246884
103.740405
102.2461
100.763967
99.294004
97.836206
96.39057
94.95709
93.535762
92.126579
90.729533
89.344618
87.971826
86.611147
85.262571
83.92609
82.601691
81.289364
79.989096
78.700874
77.424685
76.160514
74.908347
73.668168
72.43996
71.223707
70.019391
68.826994
67.646496
66.477879
65.321121
64.176202
63.0431
61.921792
60.812256
59.714468
58.628403
57.554037
56.491342
55.440294
54.400865
53.373027
52.356752
51.35201
50.358771
49.377007
48.406684
47.447771
46.500237
45.564047
44.639168
43.725565
42.823204
41.932049
41.052063
40.183209
39.325449
38.478745
37.643059
36.81835
36.004578
35.201702
34.409681
33.628473
32.858033
32.09832
31.349289
30.610895
29.883093
29.165837
28.45908
27.762775
27.076874
26.401328
25.73609
25.081108
24.436332
23.801713
23.177197
22.562733
21.958268
21.363749
20.779122
20.204332
19.639323
19.084042
18.53843
18.00243
17.475987
16.95904
16.451532
15.953402
15.464592
14.98504
14.514685
14.053466
13.60132
13.158184
12.723995
12.298688
11.882199
11.474462
11.075412
10.684981
10.303103
9.929709
9.564732
9.208102
8.859749
8.519604
8.187596
7.863652
7.5477
7.239669
6.939483
6.64707
6.362354
6.08526
5.815712
5.553632
5.298944
5.051568
4.811427
4.57844
4.352527
4.133606
3.921597
3.716416
3.517979
3.326202
3.141001
2.962289
2.789979
2.623984
2.464215
2.310583
2.162996
2.021364
1.885594
1.755593
1.631265
1.512516
1.399248
1.291363
1.188763
1.091346
0.99901
0.911653
0.82917
0.751454
0.678397
0.60989
0.545822
0.486079
0.430547
0.379107
0.331641
0.288027
0.24814
0.211852
0.179035
0.149553
0.123271
0.100047
0.079736
0.062188
0.047247
0.034751
0.024532
0.016411
0.010201
0.0057
0.002692
0.000935
0.000153
0