c	Rep	h	H_Pex	L_Pex	PP_Pex	Pmax	Pmin
0.000000	0.000000	0.000000	0.000000	0.000000	0.000000	0.000000	0.000000
0.000000	0.000000	0.000000	0.000000	0.000000	0.000000	0.000000	0.000000
0.000000	0.000000	0.000000	0.000000	0.000000	0.000000	0.000000	0.000000
0.000000	0.000000	0.000000	0.000000	0.000000	0.000000	0.000000	0.000000
0.000000	0.000000	0.000000	0.000000	0.000000	0.000000	0.000000	0.000000
0.000000	0.000000	0.000000	0.000000	0.000000	0.000000	0.000000	0.000000
0.000000	0.000000	0.000000	0.000000	0.000000	0.000000	0.000000	0.000000
0.000000	0.000000	0.000000	0.000000	0.000000	0.000000	0.000000	0.000000
0.000000	0.000000	0.000000	0.000000	0.000000	0.000000	0.000000	0.000000
0.000000	0.000000	0.000000	0.000000	0.000000	0.000000	0.000000	0.000000
0.000000	0.000000	0.000000	0.000000	0.000000	0.000000	0.000000	0.000000
0.000000	0.000000	0.000000	0.000000	0.000000	0.000000	0.000000	0.000000
0.000000	0.000000	0.000000	0.000000	0.000000	0.000000	0.000000	0.000000
0.000000	0.000000	0.000000	0.000000	0.000000	0.000000	0.000000	0.000000
0.000000	0.000000	0.000000	0.000000	0.000000	0.000000	0.000000	0.000000
0.000000	0.000000	0.000000	0.000000	0.000000	0.000000	0.000000	0.000000
0.000000	0.000000	0.000000	0.000000	0.000000	0.000000	0.000000	0.000000
0.000000	0.000000	0.000000	0.000000	0.000000	0.000000	0.000000	0.000000
0.000000	0.000000	0.000000	0.000000	0.000000	0.000000	0.000000	0.000000
0.000000	0.000000	0.000000	0.000000	0.000000	0.000000	0.000000	0.000000
0.000000	0.000000	0.000000	0.000000	0.000000	0.000000	0.000000	0.000000
0.000000	0.000000	0.000000	0.000000	0.000000	0.000000	0.000000	0.000000
0.000000	0.000000	0.000000	0.000000	0.000000	0.000000	0.000000	0.000000
0.000000	0.000000	0.000000	0.000000	0.000000	0.000000	0.000000	0.000000
0.000000	0.000000	0.000000	0.000000	0.000000	0.000000	0.000000	0.000000
0.000002	0.000000	2.317261	-0.000000	-0.000000	-0.000000	0.000007	-1.814645
0.000002	0.000000	2.636755	-0.000000	-0.000000	-0.000000	0.000008	-2.064840
0.000002	0.000000	2.718817	-0.000000	-0.000000	-0.000000	0.000008	-2.129102
0.000002	0.000000	2.740872	-0.000000	-0.000000	-0.000000	0.000008	-2.146374
0.000002	0.000000	2.747244	-0.000000	-0.000000	-0.000000	0.000008	-2.151364
0.000002	0.000000	2.748632	-0.000000	-0.000000	-0.000000	0.000008	-2.152450
0.000002	0.000000	2.748904	-0.000000	-0.000000	-0.000000	0.000008	-2.152664
0.000002	0.000000	2.749399	-0.000000	-0.000000	-0.000000	0.000008	-2.153051
0.000002	0.000000	2.749121	-0.000000	-0.000000	-0.000000	0.000008	-2.152834
0.000002	0.000000	2.748659	-0.000000	-0.000000	-0.000000	0.000008	-2.152471
0.000002	0.000000	2.749185	-0.000000	-0.000000	-0.000000	0.000008	-2.152883
0.000002	0.000000	2.746017	-0.000000	-0.000000	-0.000000	0.000008	-2.150403
0.000002	0.000000	2.717262	-0.000000	-0.000000	-0.000000	0.000010	-2.127885
0.035820	66.512591	2.386681	0.000502	0.009721	0.000011	0.141151	-1.869099
0.106081	131.593228	2.052977	0.005629	0.184252	0.000195	0.361209	-1.615063
0.123887	106.986011	2.117872	0.004710	0.141229	0.000232	0.436087	-1.669609
0.131008	91.405113	2.187598	0.003847	0.106744	0.000233	0.476807	-1.726288
0.134907	80.935425	2.238923	0.003228	0.084182	0.000226	0.502816	-1.767844
0.137580	74.506362	2.277071	0.002869	0.071743	0.000222	0.521729	-1.798691
0.139526	68.668608	2.311819	0.002534	0.060721	0.000214	0.537354	-1.826725
0.140892	63.958926	2.340470	0.002265	0.052287	0.000207	0.549471	-1.849808
0.142109	60.452321	2.363707	0.002075	0.046524	0.000202	0.559833	-1.868551
0.142987	57.057289	2.387153	0.001890	0.041102	0.000195	0.568972	-1.887397
0.143814	54.530026	2.405068	0.001759	0.037355	0.000190	0.576641	-1.901833
0.144431	51.982964	2.424306	0.001627	0.033680	0.000185	0.583820	-1.917278
0.145044	50.048369	2.439478	0.001531	0.031070	0.000181	0.590029	-1.929485
0.145507	48.054621	2.454593	0.001431	0.028424	0.000176	0.595637	-1.941622
0.145987	46.527181	2.468903	0.001359	0.026544	0.000173	0.601137	-1.953110
0.146375	45.027608	2.480352	0.001288	0.024707	0.000169	0.605576	-1.962314
0.146715	43.594111	2.494532	0.001221	0.023036	0.000165	0.610493	-1.973670
0.147052	42.429701	2.504519	0.001168	0.021722	0.000163	0.614384	-1.981696
0.147323	41.194028	2.514882	0.001112	0.020348	0.000159	0.618096	-1.990009
0.147609	40.214639	2.526492	0.001070	0.019333	0.000157	0.622191	-1.999305
0.147849	39.241451	2.534668	0.001027	0.018316	0.000154	0.625251	-2.005871
0.148054	38.233801	2.543884	0.000983	0.017289	0.000151	0.628423	-2.013255
0.148364	37.757525	2.550843	0.000965	0.016872	0.000150	0.631490	-2.018856
0.149601	40.250751	2.496556	0.001078	0.019575	0.000160	0.623248	-1.976038
0.151839	42.978429	2.251302	0.001124	0.021249	0.000160	0.570494	-1.782110
0.152049	35.525935	1.901074	0.000662	0.011286	0.000112	0.482419	-1.504902
0.150203	23.657894	1.637549	0.000263	0.003571	0.000062	0.410478	-1.296219
0.148369	15.314958	1.488641	0.000107	0.001137	0.000036	0.368579	-1.178296
0.147157	10.656238	1.411898	0.000054	0.000459	0.000023	0.346716	-1.117535
0.146558	8.241301	1.370401	0.000034	0.000246	0.000017	0.335158	-1.084697
0.146342	6.974845	1.345814	0.000025	0.000165	0.000014	0.328665	-1.065255
0.146383	6.326190	1.327915	0.000021	0.000131	0.000013	0.324393	-1.051114
0.146526	5.951304	1.313207	0.000019	0.000113	0.000012	0.321123	-1.039501
0.146776	5.776319	1.298713	0.000018	0.000105	0.000011	0.318130	-1.028059
0.147035	5.642636	1.283692	0.000017	0.000099	0.000011	0.315016	-1.016199
0.147304	5.544095	1.268322	0.000017	0.000094	0.000011	0.311822	-1.004062
0.147602	5.480148	1.251491	0.000016	0.000091	0.000011	0.308317	-0.990770
0.147852	5.366600	1.234196	0.000015	0.000086	0.000010	0.304580	-0.977107
0.148089	5.250474	1.216992	0.000015	0.000081	0.000010	0.300824	-0.963516
0.148346	5.155008	1.199097	0.000014	0.000077	0.000010	0.296924	-0.949376
0.148563	5.021685	1.181164	0.000013	0.000072	0.000009	0.292921	-0.935205
0.148747	4.869036	1.164049	0.000013	0.000066	0.000009	0.289042	-0.921679
0.148952	4.745691	1.147173	0.000012	0.000062	0.000009	0.285252	-0.908342
0.149159	4.626524	1.130215	0.000011	0.000057	0.000008	0.281433	-0.894940
0.149328	4.481618	1.113883	0.000011	0.000053	0.000008	0.277687	-0.882030
0.149483	4.338577	1.098460	0.000010	0.000049	0.000008	0.274134	-0.869840
0.149659	4.223171	1.083377	0.000010	0.000045	0.000007	0.270695	-0.857918
0.149839	4.115586	1.068364	0.000009	0.000042	0.000007	0.267271	-0.846051
0.149992	3.993346	1.053840	0.000009	0.000039	0.000007	0.263914	-0.834569
0.150127	3.867698	1.040108	0.000008	0.000036	0.000006	0.260716	-0.823713
0.150273	3.760177	1.026883	0.000008	0.000034	0.000006	0.257656	-0.813258
0.150431	3.668535	1.013789	0.000007	0.000031	0.000006	0.254645	-0.802907
0.150581	3.575180	1.000869	0.000007	0.000029	0.000006	0.251656	-0.792692
0.150711	3.473184	0.988424	0.000007	0.000027	0.000006	0.248746	-0.782852
0.150830	3.372524	0.976563	0.000006	0.000025	0.000005	0.245961	-0.773474
0.150957	3.284589	0.965079	0.000006	0.000024	0.000005	0.243277	-0.764394
0.151092	3.207864	0.953732	0.000006	0.000022	0.000005	0.240637	-0.755421
0.151225	3.132852	0.942496	0.000006	0.000021	0.000005	0.238016	-0.746536
0.151344	3.053671	0.931518	0.000005	0.000020	0.000005	0.235434	-0.737855
0.151452	2.972414	0.920924	0.000005	0.000018	0.000004	0.232927	-0.729477
0.151558	2.895850	0.910685	0.000005	0.000017	0.000004	0.230502	-0.721380
0.151670	2.827828	0.900648	0.000005	0.000016	0.000004	0.228133	-0.713441
