8249.941798
8246.272247
8242.602697
8177.868219
8113.13374
8048.399262
7983.664784
7979.995233
7976.325683
7972.656133
7968.986583
7904.252104
7839.517626
7774.783147
7710.048669
7706.379119
7702.709568
7699.040018
7695.370468
7630.635989
7565.901511
7501.167033
7436.432554
7432.763004
7429.093454
7425.423903
7421.754353
7357.019875
7292.285396
7227.550918
7162.81644
7159.146889
7155.477339
7151.807789
7148.138239
7083.40376
7018.669282
6953.934803
6889.200325
6885.530775
6881.861224
6878.191674
6874.522124
6809.787645
6745.053167
6680.318689
6615.58421
6611.91466
6608.24511
6604.575559
6600.906009
6536.171531
6471.437052
6406.702574
6341.968096
6338.298545
6334.628995
6330.959445
6327.289895
6262.555416
6197.820938
6133.086459
6068.351981
6064.682431
6061.01288
6057.34333
6053.67378
5988.939302
5924.204823
5859.470345
5794.735866
5791.066316
5787.396766
5783.727216
5780.057665
5715.323187
5650.588708
5585.85423
5521.119752
5517.450201
5513.780651
5510.111101
5506.441551
5441.707072
5376.972594
5312.238115
5247.503637
5243.834087
5240.164536
5236.494986
5232.825436
5168.090958
5103.356479
5038.622001
4973.887522
4970.217972
4966.548422
4962.878872
4959.209321
4894.474843
4829.740364
4765.005886
4700.271408
4696.601857
4692.932307
4689.262757
4685.593207
4620.858728
4556.12425
4491.389771
4426.655293
4422.985743
4419.316192
4415.646642
4411.977092
4347.242614
4282.508135
4217.773657
4153.039178
4149.369628
4145.700078
4142.030528
4138.360977
4073.626499
4008.89202
3944.157542
3879.423064
3875.753513
3872.083963
3868.414413
3864.744863
3800.010384
3735.275906
3670.541427
3605.806949
3602.137399
3598.467848
3594.798298
3591.128748
3526.39427
3461.659791
3396.925313
3332.190834
3328.521284
3324.851734
3321.182184
3317.512633
3252.778155
3188.043676
3123.309198
3058.57472
3054.905169
3051.235619
3047.566069
3043.896519
2979.16204
2914.427562
2849.693083
2784.958605
2781.289055
2777.619504
2773.949954
2770.280404
2705.545926
2640.811447
2576.076969
2511.34249
2507.67294
2504.00339
2500.33384
2496.664289
2431.929811
2367.195332
2302.460854
2237.726376
2234.056825
2230.387275
2226.717725
2223.048175
2158.313696
2093.579218
2028.844739
1964.110261
1960.440711
1956.77116
1953.10161
1949.43206
1884.697582
1819.963103
1755.228625
1690.494146
1686.824596
1683.155046
1679.485496
1675.815945
1611.081467
1546.346989
1481.61251
1416.878032
1413.208481
1409.538931