6840.402867
6806.200852
6771.998838
6737.796824
6703.594809
6669.392795
6635.190781
6600.988766
6566.786752
6532.584738
6498.382723
6464.180709
6429.978695
6395.77668
6361.574666
6327.372652
6293.170637
6258.968623
6224.766609
6190.564594
6156.36258
6122.160566
6087.958551
6053.756537
6019.554523
5985.352508
5951.150494
5916.94848
5882.746465
5848.544451
5814.342437
5780.140422
5745.938408
5711.736394
5677.534379
5643.332365
5609.130351
5574.928336
5540.726322
5506.524308
5472.322293
5438.120279
5403.918265
5369.71625
5335.514236
5301.312222
5267.110207
5232.908193
5198.706179
5164.504164
5130.30215
5096.100136
5061.898121
5027.696107
4993.494093
4959.292078
4925.090064
4890.88805
4856.686035
4822.484021
4788.282007
4754.079992
4719.877978
4685.675964
4651.473949
4617.271935
4583.069921
4548.867906
4514.665892
4480.463878
4446.261863
4412.059849
4377.857835
4343.65582
4309.453806
4275.251792
4241.049777
4206.847763
4172.645749
4138.443734
4104.24172
4070.039706
4035.837691
4001.635677
3967.433663
3933.231648
3899.029634
3864.82762
3830.625605
3796.423591
3762.221577
3728.019562
3693.817548
3659.615534
3625.413519
3591.211505
3557.009491
3522.807476
3488.605462
3454.403448
3420.201433
3385.999419
3351.797405
3317.59539
3283.393376
3249.191362
3214.989347
3180.787333
3146.585319
3112.383304
3078.18129
3043.979276
3009.777261
2975.575247
2941.373233
2907.171218
2872.969204
2838.76719
2804.565175
2770.363161
2736.161147
2701.959132
2667.757118
2633.555104
2599.353089
2565.151075
2530.949061
2496.747046
2462.545032
2428.343018
2394.141003
2359.938989
2325.736975
2291.53496
2257.332946
2223.130932
2188.928917
2154.726903
2120.524889
2086.322874
2052.12086
2017.918846
1983.716831
1949.514817
1915.312803
1881.110788
1846.908774
1812.70676
1778.504745
1744.302731
1710.100717
1675.898702
1641.696688
1607.494674
1573.292659
1539.090645
1504.888631
1470.686616
1436.484602
1402.282588
1368.080573
1333.878559
1299.676545
1265.47453
1231.272516
1197.070502
1162.868487
1128.666473
1094.464459
1060.262444
1026.06043
991.8584156
957.6564013
923.454387
889.2523726
855.0503583
820.848344
786.6463296
752.4443153
718.242301
684.0402867
649.8382723
615.636258
581.4342437
547.2322293
513.030215
478.8282007
444.6261863
410.424172
376.2221577
342.0201433
307.818129
273.6161147
239.4141003
205.212086
171.0100717
136.8080573
102.606043
68.40402867
34.20201433
0