8249.941798
8215.739783
8181.537769
8147.335755
8113.13374
8078.931726
8044.729712
8010.527697
7976.325683
7942.123669
7907.921654
7873.71964
7839.517626
7805.315611
7771.113597
7736.911583
7702.709568
7668.507554
7634.30554
7600.103525
7565.901511
7531.699497
7497.497482
7463.295468
7429.093454
7394.891439
7360.689425
7326.487411
7292.285396
7258.083382
7223.881368
7189.679353
7155.477339
7121.275325
7087.07331
7052.871296
7018.669282
6984.467267
6950.265253
6916.063239
6881.861224
6847.65921
6813.457196
6779.255181
6745.053167
6710.851153
6676.649138
6642.447124
6608.24511
6574.043095
6539.841081
6505.639067
6471.437052
6437.235038
6403.033024
6368.831009
6334.628995
6300.426981
6266.224966
6232.022952
6197.820938
6163.618923
6129.416909
6095.214895
6061.01288
6026.810866
5992.608852
5958.406837
5924.204823
5890.002809
5855.800794
5821.59878
5787.396766
5753.194751
5718.992737
5684.790723
5650.588708
5616.386694
5582.18468
5547.982665
5513.780651
5479.578637
5445.376622
5411.174608
5376.972594
5342.770579
5308.568565
5274.366551
5240.164536
5205.962522
5171.760508
5137.558493
5103.356479
5069.154465
5034.95245
5000.750436
4966.548422
4932.346407
4898.144393
4863.942379
4829.740364
4795.53835
4761.336336
4727.134321
4692.932307
4658.730293
4624.528278
4590.326264
4556.12425
4521.922235
4487.720221
4453.518207
4419.316192
4385.114178
4350.912164
4316.710149
4282.508135
4248.306121
4214.104106
4179.902092
4145.700078
4111.498063
4077.296049
4043.094035
4008.89202
3974.690006
3940.487992
3906.285977
3872.083963
3837.881949
3803.679934
3769.47792
3735.275906
3701.073891
3666.871877
3632.669863
3598.467848
3564.265834
3530.06382
3495.861805
3461.659791
3427.457777
3393.255762
3359.053748
3324.851734
3290.649719
3256.447705
3222.245691
3188.043676
3153.841662
3119.639648
3085.437633
3051.235619
3017.033605
2982.83159
2948.629576
2914.427562
2880.225547
2846.023533
2811.821519
2777.619504
2743.41749
2709.215476
2675.013461
2640.811447
2606.609433
2572.407418
2538.205404
2504.00339
2469.801375
2435.599361
2401.397347
2367.195332
2332.993318
2298.791304
2264.589289
2230.387275
2196.185261
2161.983246
2127.781232
2093.579218
2059.377203
2025.175189
1990.973175
1956.77116
1922.569146
1888.367132
1854.165118
1819.963103
1785.761089
1751.559075
1717.35706
1683.155046
1648.953032
1614.751017
1580.549003
1546.346989
1512.144974
1477.94296
1443.740946
1409.538931