8249.941798
8246.272247
8242.602697
8238.933147
8235.263597
8170.529118
8105.79464
8041.060161
7976.325683
7911.591205
7846.856726
7782.122248
7717.387769
7713.718219
7710.048669
7706.379119
7702.709568
7699.040018
7695.370468
7691.700918
7688.031367
7623.296889
7558.562411
7493.827932
7429.093454
7364.358975
7299.624497
7234.890018
7170.15554
7166.48599
7162.81644
7159.146889
7155.477339
7151.807789
7148.138239
7144.468688
7140.799138
7076.06466
7011.330181
6946.595703
6881.861224
6817.126746
6752.392268
6687.657789
6622.923311
6619.25376
6615.58421
6611.91466
6608.24511
6604.575559
6600.906009
6597.236459
6593.566909
6528.83243
6464.097952
6399.363473
6334.628995
6269.894517
6205.160038
6140.42556
6075.691081
6072.021531
6068.351981
6064.682431
6061.01288
6057.34333
6053.67378
6050.00423
6046.334679
5981.600201
5916.865723
5852.131244
5787.396766
5722.662287
5657.927809
5593.19333
5528.458852
5524.789302
5521.119752
5517.450201
5513.780651
5510.111101
5506.441551
5502.772
5499.10245
5434.367972
5369.633493
5304.899015
5240.164536
5175.430058
5110.69558
5045.961101
4981.226623
4977.557072
4973.887522
4970.217972
4966.548422
4962.878872
4959.209321
4955.539771
4951.870221
4887.135742
4822.401264
4757.666786
4692.932307
4628.197829
4563.46335
4498.728872
4433.994393
4430.324843
4426.655293
4422.985743
4419.316192
4415.646642
4411.977092
4408.307542
4404.637991
4339.903513
4275.169035
4210.434556
4145.700078
4080.965599
4016.231121
3951.496643
3886.762164
3883.092614
3879.423064
3875.753513
3872.083963
3868.414413
3864.744863
3861.075312
3857.405762
3792.671284
3727.936805
3663.202327
3598.467848
3533.73337
3468.998892
3404.264413
3339.529935
3335.860385
3332.190834
3328.521284
3324.851734
3321.182184
3317.512633
3313.843083
3310.173533
3245.439054
3180.704576
3115.970098
3051.235619
2986.501141
2921.766662
2857.032184
2792.297705
2788.628155
2784.958605
2781.289055
2777.619504
2773.949954
2770.280404
2766.610854
2762.941304
2698.206825
2633.472347
2568.737868
2504.00339
2439.268911
2374.534433
2309.799955
2245.065476
2241.395926
2237.726376
2234.056825
2230.387275
2226.717725
2223.048175
2219.378624
2215.709074
2150.974596
2086.240117
2021.505639
1956.77116
1892.036682
1827.302204
1762.567725
1697.833247
1694.163697
1690.494146
1686.824596
1683.155046
1679.485496
1675.815945
1672.146395
1668.476845
1603.742366
1539.007888
1474.27341
1409.538931