146.8592709
146.6847734
146.5102759
146.3357785
146.161281
145.9867835
145.812286
145.6377885
145.463291
145.2887936
145.1142961
144.9397986
144.7653011
144.5908036
144.4163061
144.2418086
144.0673112
143.8928137
143.7183162
143.5438187
143.3693212
143.1948237
143.0203263
142.8458288
142.6713313
142.4968338
142.3223363
142.1478388
141.9733414
141.7988439
141.6243464
141.4498489
141.2753514
141.1008539
140.9263565
140.751859
140.5773615
140.402864
140.2283665
140.053869
139.8793716
139.7048741
139.5303766
139.3558791
139.1813816
139.0068841
138.8323867
138.6578892
138.4833917
138.3088942
138.1343967
137.9598992
137.7854018
137.6109043
137.4364068
137.2619093
137.0874118
136.9129143
136.7384169
136.5639194
136.3894219
136.2149244
136.0404269
135.8659294
135.691432
135.5169345
135.342437
135.1679395
134.993442
134.8189445
134.6444471
134.4699496
134.2954521
134.1209546
133.9464571
133.7719596
133.5974622
133.4229647
133.2484672
133.0739697
132.8994722
132.7249747
132.5504773
132.3759798
132.2014823
132.0269848
131.8524873
131.6779898
131.5034924
131.3289949
131.1544974
130.9799999
130.8055024
130.6310049
130.4565075
130.28201
130.1075125
129.933015
129.7585175
129.58402
129.4095226
128.1154273
126.8213321
125.5272369
124.2331416
122.9390464
121.6449512
120.350856
119.0567607
117.7626655
116.4685703
115.1744751
113.8803798
112.5862846
111.2921894
109.9980942
108.7039989
107.4099037
106.1158085
104.8217133
103.527618
102.2335228
100.9394276
99.64533236
98.35123714
97.05714191
95.76304669
94.46895146
93.17485624
91.88076101
90.58666579
89.29257056
87.99847533
86.70438011
85.41028488
84.11618966
82.82209443
81.52799921
80.23390398
78.93980876
77.64571353
76.35161831
75.05752308
73.76342785
72.46933263
71.1752374
69.88114218
68.58704695
67.29295173
65.9988565
64.70476128
63.41066605
62.11657082
60.8224756
59.52838037
58.23428515
56.94018992
55.6460947
54.35199947
53.05790425
51.76380902
50.46971379
49.17561857
47.88152334
46.58742812
45.29333289
43.99923767
42.70514244
41.41104722
40.11695199
38.82285677
37.52876154
36.23466631
34.94057109
33.64647586
32.35238064
31.05828541
29.76419019
28.47009496
27.17599974
25.88190451
24.58780928
23.29371406
21.99961883
20.70552361
19.41142838
18.11733316
16.82323793
15.52914271
14.23504748
12.94095226
11.64685703
10.3527618
9.058666579
7.764571353
6.470476128
5.176380902
3.882285677
2.588190451
1.294095226
0