104.2738372
104.0993397
103.9248422
103.7503447
103.5758473
103.4013498
103.2268523
103.0523548
102.8778573
102.7033598
102.5288623
102.3543649
102.1798674
102.0053699
101.8308724
101.6563749
101.4818774
101.30738
101.1328825
100.958385
100.7838875
100.60939
100.4348925
100.2603951
100.0858976
99.9114001
99.73690261
99.56240513
99.38790765
99.21341016
99.03891268
98.8644152
98.68991771
98.51542023
98.34092275
98.16642526
97.99192778
97.81743029
97.64293281
97.46843533
97.29393784
97.11944036
96.94494288
96.77044539
96.59594791
96.42145043
96.24695294
96.07245546
95.89795798
95.72346049
95.54896301
95.37446553
95.19996804
95.02547056
94.85097308
94.67647559
94.50197811
94.32748062
94.15298314
93.97848566
93.80398817
93.62949069
93.45499321
93.28049572
93.10599824
92.93150076
92.75700327
92.58250579
92.40800831
92.23351082
92.05901334
91.88451586
91.71001837
91.53552089
91.3610234
91.18652592
91.01202844
90.83753095
90.66303347
90.48853599
90.3140385
90.13954102
89.96504354
89.79054605
89.61604857
89.44155109
89.2670536
89.09255612
88.91805864
88.74356115
88.56906367
88.39456619
88.2200687
88.04557122
87.87107373
87.69657625
87.52207877
87.34758128
87.1730838
86.99858632
86.82408883
85.95584795
85.08760706
84.21936617
83.35112528
82.48288439
81.6146435
80.74640262
79.87816173
79.00992084
78.14167995
77.27343906
76.40519817
75.53695729
74.6687164
73.80047551
72.93223462
72.06399373
71.19575284
70.32751196
69.45927107
68.59103018
67.72278929
66.8545484
65.98630751
65.11806663
64.24982574
63.38158485
62.51334396
61.64510307
60.77686218
59.9086213
59.04038041
58.17213952
57.30389863
56.43565774
55.56741685
54.69917597
53.83093508
52.96269419
52.0944533
51.22621241
50.35797152
49.48973064
48.62148975
47.75324886
46.88500797
46.01676708
45.14852619
44.28028531
43.41204442
42.54380353
41.67556264
40.80732175
39.93908086
39.07083998
38.20259909
37.3343582
36.46611731
35.59787642
34.72963553
33.86139465
32.99315376
32.12491287
31.25667198
30.38843109
29.5201902
28.65194932
27.78370843
26.91546754
26.04722665
25.17898576
24.31074487
23.44250399
22.5742631
21.70602221
20.83778132
19.96954043
19.10129954
18.23305866
17.36481777
16.49657688
15.62833599
14.7600951
13.89185421
13.02361333
12.15537244
11.28713155
10.41889066
9.550649772
8.682408883
7.814167995
6.945927107
6.077686218
5.20944533
4.341204442
3.472963553
2.604722665
1.736481777
0.868240888
0