61.02761973
60.85312224
60.67862476
60.50412727
60.32962979
60.15513231
59.98063482
59.80613734
59.63163986
59.45714237
59.28264489
59.10814741
58.93364992
58.75915244
58.58465496
58.41015747
58.23565999
58.06116251
57.88666502
57.71216754
57.53767005
57.36317257
57.18867509
57.0141776
56.83968012
56.66518264
56.49068515
56.31618767
56.14169019
55.9671927
55.79269522
55.61819774
55.44370025
55.26920277
55.09470529
54.9202078
54.74571032
54.57121284
54.39671535
54.22221787
54.04772038
53.8732229
53.69872542
53.52422793
53.34973045
53.17523297
53.00073548
52.826238
52.65174052
52.47724303
52.30274555
52.12824807
51.95375058
51.7792531
51.60475562
51.43025813
51.25576065
51.08126316
50.90676568
50.7322682
50.55777071
50.38327323
50.20877575
50.03427826
49.85978078
49.6852833
49.51078581
49.33628833
49.16179085
48.98729336
48.81279588
48.6382984
48.46380091
48.28930343
48.11480595
47.94030846
47.76581098
47.59131349
47.41681601
47.24231853
47.06782104
46.89332356
46.71882608
46.54432859
46.36983111
46.19533363
46.02083614
45.84633866
45.67184118
45.49734369
45.32284621
45.14834873
44.97385124
44.79935376
44.62485627
44.45035879
44.27586131
44.10136382
43.92686634
43.75236886
43.57787137
43.14209266
42.70631395
42.27053523
41.83475652
41.39897781
40.96319909
40.52742038
40.09164166
39.65586295
39.22008424
38.78430552
38.34852681
37.9127481
37.47696938
37.04119067
36.60541195
36.16963324
35.73385453
35.29807581
34.8622971
34.42651839
33.99073967
33.55496096
33.11918224
32.68340353
32.24762482
31.8118461
31.37606739
30.94028868
30.50450996
30.06873125
29.63295253
29.19717382
28.76139511
28.32561639
27.88983768
27.45405897
27.01828025
26.58250154
26.14672282
25.71094411
25.2751654
24.83938668
24.40360797
23.96782926
23.53205054
23.09627183
22.66049311
22.2247144
21.78893569
21.35315697
20.91737826
20.48159955
20.04582083
19.61004212
19.1742634
18.73848469
18.30270598
17.86692726
17.43114855
16.99536984
16.55959112
16.12381241
15.68803369
15.25225498
14.81647627
14.38069755
13.94491884
13.50914013
13.07336141
12.6375827
12.20180398
11.76602527
11.33024656
10.89446784
10.45868913
10.02291042
9.587131702
9.151352989
8.715574275
8.279795561
7.844016847
7.408238134
6.97245942
6.536680706
6.100901992
5.665123279
5.229344565
4.793565851
4.357787137
3.922008424
3.48622971
3.050450996
2.614672282
2.178893569
1.743114855
1.307336141
0.871557427
0.435778714
0