146.859271
146.859118
146.858336
146.856579
146.853571
146.84907
146.84286
146.834739
146.82452
146.812024
146.797083
146.779535
146.759224
146.736
146.709718
146.680236
146.647418
146.611131
146.571244
146.52763
146.480164
146.428724
146.373192
146.313449
146.249381
146.180874
146.107817
146.030101
145.947618
145.860261
145.767925
145.670508
145.567908
145.460023
145.346755
145.228006
145.103678
144.973677
144.837907
144.696275
144.548688
144.395056
144.235287
144.069292
143.896982
143.71827
143.533069
143.341292
143.142855
142.937674
142.725664
142.506744
142.280831
142.047844
141.807703
141.560327
141.305639
141.043559
140.774011
140.496917
140.212201
139.919788
139.619602
139.311571
138.995619
138.671675
138.339667
137.999521
137.651169
137.294539
136.929562
136.556168
136.17429
135.783859
135.384809
134.977072
134.560583
134.135276
133.701087
133.257951
132.805805
132.344586
131.874231
131.394679
130.905869
130.407739
129.900231
129.383284
128.85684
128.320841
127.775229
127.219947
126.654939
126.080149
125.495522
124.901003
124.296538
123.682074
123.057558
122.422939
121.778163
121.123181
120.457942
119.782397
119.096496
118.400191
117.693434
116.976178
116.248376
115.509982
114.760951
114.001238
113.230798
112.44959
111.657569
110.854693
110.040921
109.216212
108.380525
107.533822
106.676062
105.807208
104.927222
104.036067
103.133706
102.220103
101.295224
100.359034
99.4115
98.452587
97.482264
96.500499
95.507261
94.502519
93.486244
92.458406
91.418977
90.367928
89.305234
88.230868
87.144803
86.047014
84.937478
83.816171
82.683069
81.53815
80.381392
79.212774
78.032277
76.83988
75.635564
74.419311
73.191103
71.950924
70.698756
69.434586
68.158397
66.870175
65.569907
64.257579
62.933181
61.596699
60.248124
58.887445
57.514653
56.129738
54.732692
53.323509
51.90218
50.468701
49.023065
47.565267
46.095304
44.613171
43.118866
41.612387
40.093731
38.562899
37.019889
35.464702
33.897338
32.317801
30.72609
29.12221
27.506164
25.877956
24.237591
22.585073
20.920409
19.243606
17.55467
15.853609
14.140431
12.415146
10.677763
8.928291
7.166741
5.393126
3.607455
1.809742
0