11299.03811
11249.03811
11199.03811
11149.03811
11099.03811
11049.03811
10999.03811
10949.03811
10899.03811
10849.03811
10799.03811
10749.03811
10699.03811
10649.03811
10599.03811
10549.03811
10499.03811
10449.03811
10399.03811
10349.03811
10299.03811
10249.03811
10199.03811
10149.03811
10099.03811
10049.03811
9999.038106
9949.038106
9899.038106
9849.038106
9799.038106
9749.038106
9699.038106
9649.038106
9599.038106
9549.038106
9499.038106
9449.038106
9399.038106
9349.038106
9299.038106
9249.038106
9199.038106
9149.038106
9099.038106
9049.038106
8999.038106
8949.038106
8899.038106
8849.038106
8799.038106
8749.038106
8699.038106
8649.038106
8599.038106
8549.038106
8499.038106
8449.038106
8399.038106
8349.038106
8299.038106
8249.038106
8199.038106
8149.038106
8099.038106
8049.038106
7999.038106
7949.038106
7899.038106
7849.038106
7799.038106
7749.038106
7699.038106
7649.038106
7599.038106
7549.038106
7499.038106
7449.038106
7399.038106
7349.038106
7299.038106
7249.038106
7199.038106
7149.038106
7099.038106
7049.038106
6999.038106
6949.038106
6899.038106
6849.038106
6799.038106
6749.038106
6699.038106
6649.038106
6599.038106
6549.038106
6499.038106
6449.038106
6399.038106
6349.038106
6299.038106
6249.038106
6199.038106
6149.038106
6099.038106
6049.038106
5999.038106
5949.038106
5899.038106
5849.038106
5799.038106
5749.038106
5699.038106
5649.038106
5599.038106
5549.038106
5499.038106
5449.038106
5399.038106
5349.038106
5299.038106
5249.038106
5199.038106
5149.038106
5099.038106
5049.038106
4999.038106
4949.038106
4899.038106
4849.038106
4799.038106
4749.038106
4699.038106
4649.038106
4599.038106
4549.038106
4499.038106
4449.038106
4399.038106
4349.038106
4299.038106
4249.038106
4199.038106
4149.038106
4099.038106
4049.038106
3999.038106
3949.038106
3899.038106
3849.038106
3799.038106
3749.038106
3699.038106
3649.038106
3599.038106
3549.038106
3499.038106
3449.038106
3399.038106
3349.038106
3299.038106
3249.038106
3199.038106
3149.038106
3099.038106
3049.038106
2999.038106
2949.038106
2899.038106
2849.038106
2799.038106
2749.038106
2699.038106
2649.038106
2599.038106
2549.038106
2499.038106
2449.038106
2399.038106
2349.038106
2299.038106
2249.038106
2199.038106
2149.038106
2099.038106
2049.038106
1999.038106
1949.038106
1899.038106
1849.038106
1799.038106
1749.038106
1699.038106
1649.038106
1599.038106
1549.038106
1499.038106
1449.038106
1399.038106
1349.038106
1299.038106