11299.03811
11277.17698
11255.31585
11233.45472
11211.59359
11133.45472
11055.31585
10977.17698
10899.03811
10820.89923
10742.76036
10664.62149
10586.48262
10564.62149
10542.76036
10520.89923
10499.03811
10477.17698
10455.31585
10433.45472
10411.59359
10333.45472
10255.31585
10177.17698
10099.03811
10020.89923
9942.760363
9864.621492
9786.482621
9764.621492
9742.760363
9720.899235
9699.038106
9677.176977
9655.315848
9633.454719
9611.59359
9533.454719
9455.315848
9377.176977
9299.038106
9220.899235
9142.760363
9064.621492
8986.482621
8964.621492
8942.760363
8920.899235
8899.038106
8877.176977
8855.315848
8833.454719
8811.59359
8733.454719
8655.315848
8577.176977
8499.038106
8420.899235
8342.760363
8264.621492
8186.482621
8164.621492
8142.760363
8120.899235
8099.038106
8077.176977
8055.315848
8033.454719
8011.59359
7933.454719
7855.315848
7777.176977
7699.038106
7620.899235
7542.760363
7464.621492
7386.482621
7364.621492
7342.760363
7320.899235
7299.038106
7277.176977
7255.315848
7233.454719
7211.59359
7133.454719
7055.315848
6977.176977
6899.038106
6820.899235
6742.760363
6664.621492
6586.482621
6564.621492
6542.760363
6520.899235
6499.038106
6477.176977
6455.315848
6433.454719
6411.59359
6333.454719
6255.315848
6177.176977
6099.038106
6020.899235
5942.760363
5864.621492
5786.482621
5764.621492
5742.760363
5720.899235
5699.038106
5677.176977
5655.315848
5633.454719
5611.59359
5533.454719
5455.315848
5377.176977
5299.038106
5220.899235
5142.760363
5064.621492
4986.482621
4964.621492
4942.760363
4920.899235
4899.038106
4877.176977
4855.315848
4833.454719
4811.59359
4733.454719
4655.315848
4577.176977
4499.038106
4420.899235
4342.760363
4264.621492
4186.482621
4164.621492
4142.760363
4120.899235
4099.038106
4077.176977
4055.315848
4033.454719
4011.59359
3933.454719
3855.315848
3777.176977
3699.038106
3620.899235
3542.760363
3464.621492
3386.482621
3364.621492
3342.760363
3320.899235
3299.038106
3277.176977
3255.315848
3233.454719
3211.59359
3133.454719
3055.315848
2977.176977
2899.038106
2820.899235
2742.760363
2664.621492
2586.482621
2564.621492
2542.760363
2520.899235
2499.038106
2477.176977
2455.315848
2433.454719
2411.59359
2333.454719
2255.315848
2177.176977
2099.038106
2020.899235
1942.760363
1864.621492
1786.482621
1764.621492
1742.760363
1720.899235
1699.038106
1677.176977
1655.315848
1633.454719
1611.59359
1533.454719
1455.315848
1377.176977
1299.038106