185.9829519
184.6432059
183.30346
181.963714
180.623968
179.2842221
177.9444761
176.6047302
175.2649842
173.9252382
172.5854923
171.2457463
169.9060003
168.5662544
167.2265084
165.8867625
164.5470165
163.2072705
161.8675246
160.5277786
159.1880326
157.8482867
156.5085407
155.1687948
153.8290488
152.4893028
151.1495569
149.8098109
148.4700649
147.130319
145.790573
144.4508271
143.1110811
141.7713351
140.4315892
139.0918432
137.7520973
136.4123513
135.0726053
133.7328594
132.3931134
131.0533674
129.7136215
128.3738755
127.0341296
125.6943836
124.3546376
123.0148917
121.6751457
120.3353997
118.9956538
117.6559078
116.3161619
114.9764159
113.6366699
112.296924
110.957178
109.617432
108.2776861
106.9379401
105.5981942
104.2584482
102.9187022
101.5789563
100.2392103
98.89946435
97.55971839
96.21997243
94.88022646
93.5404805
92.20073454
90.86098858
89.52124261
88.18149665
86.84175069
85.50200473
84.16225877
82.8225128
81.48276684
80.14302088
78.80327492
77.46352896
76.12378299
74.78403703
73.44429107
72.10454511
70.76479914
69.42505318
68.08530722
66.74556126
65.4058153
64.06606933
62.72632337
61.38657741
60.04683145
58.70708549
57.36733952
56.027594
54.687848
53.348102
52.008356
50.66861
49.328864
47.989118
46.649372
45.309626
43.96988
42.630134
41.290388
39.950642
38.610896
37.27115
35.931404
34.591658
33.251912
31.912166
30.57242
29.232674
27.892928
26.553182
25.213436
23.87369
22.533945
21.194199
19.854453
18.514707
17.174961
15.835215
14.495469
13.155723
11.815977
10.476231
10.301627
10.127023
9.952419
9.777815
9.603212
9.428608
9.254004
9.0794
8.904796
8.730192
8.555589
8.380985
8.206381
8.031777
7.857173
7.682569
7.507965
7.333362
7.158758
6.984154
6.80955
6.634946
6.460342
6.285739
6.111135
5.936531
5.761927
5.587323
5.412719
5.238115
5.063512
4.888908
4.714304
4.5397
4.365096
4.190492
4.015888
3.841285
3.666681
3.492077
3.317473
3.142869
2.968265
2.793662
2.619058
2.444454
2.26985
2.095246
1.920642
1.746038
1.571435
1.396831
1.222227
1.047623
0.873019
0.698415
0.523812
0.349208
0.174604
0